SE2
-1.3 -1.3 0 
-1.28137 -1.22326 -0.00028411 
-1.26275 -1.14653 -0.000568221 
-1.24412 -1.06979 -0.000852331 
-1.2255 -0.993052 -0.00113644 
-1.20687 -0.916315 -0.00142055 
-1.18825 -0.839578 -0.00170466 
-1.16962 -0.762841 -0.00198877 
-1.151 -0.686104 -0.00227288 
-1.13237 -0.609368 -0.00255699 
-1.11375 -0.532631 -0.0028411 
-1.09512 -0.455894 -0.00312521 
-1.0765 -0.379157 -0.00340932 
-1.05787 -0.30242 -0.00369343 
-1.03925 -0.225683 -0.00397755 
-1.02062 -0.148946 -0.00426166 
-1.002 -0.072209 -0.00454577 
-0.983372 0.00452799 -0.00482988 
-0.964747 0.0812649 -0.00511399 
-0.946122 0.158002 -0.0053981 
-0.927497 0.234739 -0.00568221 
-0.908872 0.311476 -0.00596632 
-0.890246 0.388213 -0.00625043 
-0.871621 0.46495 -0.00653454 
-0.852996 0.541687 -0.00681865 
-0.834371 0.618424 -0.00710276 
-0.815746 0.69516 -0.00738687 
-0.797121 0.771897 -0.00767098 
-0.778495 0.848634 -0.00795509 
-0.720396 0.854385 -0.0298745 
-0.662297 0.860136 -0.0517939 
-0.604198 0.865887 -0.0737133 
-0.5461 0.871637 -0.0956328 
-0.488001 0.877388 -0.117552 
-0.429902 0.883139 -0.139472 
-0.371803 0.88889 -0.161391 
-0.313704 0.894641 -0.18331 
-0.255605 0.900391 -0.20523 
-0.197506 0.906142 -0.227149 
-0.139407 0.911893 -0.249069 
-0.0813078 0.917644 -0.270988 
-0.0232089 0.923395 -0.292908 
0.0348901 0.929145 -0.314827 
0.092989 0.934896 -0.336746 
0.151088 0.940647 -0.358666 
0.209187 0.946398 -0.380585 
0.267286 0.952148 -0.402505 
0.325385 0.957899 -0.424424 
0.383484 0.96365 -0.446343 
0.441583 0.969401 -0.468263 
