SE2
-1.3 -1.3 0 
-1.32749 -1.27191 0.0565848 
-1.35497 -1.24383 0.11317 
-1.38246 -1.21574 0.169754 
-1.40994 -1.18766 0.226339 
-1.43743 -1.15957 0.282924 
-1.46317 -1.06129 0.274508 
-1.48891 -0.963 0.266093 
-1.51465 -0.864714 0.257677 
-1.54039 -0.766428 0.249261 
-1.56613 -0.668142 0.240846 
-1.59187 -0.569856 0.23243 
-1.61761 -0.47157 0.224014 
-1.64335 -0.373284 0.215599 
-1.66909 -0.274998 0.207183 
-1.67803 -0.1971 0.187136 
-1.68697 -0.119202 0.167089 
-1.69591 -0.0413033 0.147042 
-1.70484 0.0365949 0.126995 
-1.71378 0.114493 0.106948 
-1.72272 0.192391 0.0869012 
-1.63238 0.239862 0.0777565 
-1.54205 0.287332 0.0686118 
-1.45171 0.334802 0.0594671 
-1.36137 0.382272 0.0503224 
-1.27103 0.429742 0.0411776 
-1.18069 0.477212 0.0320329 
-1.09035 0.524682 0.0228882 
-1.00002 0.572152 0.0137435 
-0.900812 0.60271 0.0124409 
-0.801608 0.633268 0.0111383 
-0.702404 0.663826 0.00983568 
-0.6032 0.694384 0.00853307 
-0.503996 0.724942 0.00723046 
-0.404792 0.7555 0.00592784 
-0.305588 0.786058 0.00462523 
-0.206384 0.816616 0.00332262 
-0.107179 0.847174 0.00202001 
-0.00797537 0.877732 0.000717401 
0.0912287 0.908289 -0.00058521 
0.190433 0.938847 -0.00188782 
0.289637 0.969405 -0.00319043 
0.388841 0.999963 -0.00449304 
0.488045 1.03052 -0.00579565 
0.587249 1.06108 -0.00709826 
0.686453 1.09164 -0.00840088 
0.785658 1.1222 -0.00970349 
0.884862 1.15275 -0.0110061 
1.04243 1.17638 -0.00550305 
1.2 1.2 0 
