R2
-1.3 -1.3 
-1.25942 -1.23949 
-1.21883 -1.17899 
-1.17825 -1.11848 
-1.13766 -1.05797 
-1.09708 -0.997466 
-1.05649 -0.936959 
-1.01591 -0.876452 
-0.956057 -0.832985 
-0.896208 -0.789518 
-0.836358 -0.746051 
-0.776508 -0.702585 
-0.716659 -0.659118 
-0.656809 -0.615651 
-0.596959 -0.572184 
-0.53711 -0.528717 
-0.47726 -0.48525 
-0.417411 -0.441783 
-0.357561 -0.398316 
-0.297711 -0.354849 
-0.237862 -0.311382 
-0.178012 -0.267915 
-0.118162 -0.224448 
-0.0499228 -0.200471 
0.0183166 -0.176493 
0.0865561 -0.152515 
0.154795 -0.128537 
0.223035 -0.104559 
0.291274 -0.0805815 
0.359514 -0.0566037 
0.427753 -0.0326259 
0.495993 -0.00864815 
0.535104 0.058499 
0.574216 0.125646 
0.613327 0.192793 
0.652439 0.25994 
0.69155 0.327087 
0.730662 0.394235 
0.769773 0.461382 
0.808885 0.528529 
0.847996 0.595676 
0.887108 0.662823 
0.926219 0.72997 
0.965331 0.797117 
1.00444 0.864264 
1.04355 0.931412 
1.08267 0.998559 
1.12178 1.06571 
1.16089 1.13285 
1.2 1.2 
