R2
-1.3 -1.3 
-1.19821 -1.28989 
-1.09642 -1.27977 
-0.994624 -1.26966 
-0.892832 -1.25955 
-0.79104 -1.24943 
-0.689249 -1.23932 
-0.587457 -1.22921 
-0.485665 -1.21909 
-0.383873 -1.20898 
-0.282081 -1.19887 
-0.180289 -1.18876 
-0.0784971 -1.17864 
0.0232948 -1.16853 
0.125087 -1.15842 
0.226879 -1.1483 
0.328671 -1.13819 
0.430462 -1.12808 
0.532254 -1.11796 
0.634046 -1.10785 
0.735838 -1.09774 
0.83763 -1.08762 
0.939422 -1.07751 
1.04121 -1.0674 
1.14301 -1.05728 
1.2448 -1.04717 
1.34659 -1.03706 
1.44838 -1.02695 
1.45219 -0.922723 
1.45599 -0.8185 
1.4598 -0.714277 
1.4636 -0.610055 
1.46741 -0.505832 
1.47121 -0.401609 
1.47501 -0.297387 
1.47882 -0.193164 
1.48262 -0.0889413 
1.48643 0.0152813 
1.49023 0.119504 
1.49404 0.223727 
1.49784 0.327949 
1.50165 0.432172 
1.50545 0.536395 
1.50926 0.640617 
1.51306 0.74484 
1.51687 0.849063 
1.52067 0.953285 
1.5064 0.990817 
1.3532 1.09541 
1.2 1.2 
