SE2
-1.3 -1.3 0 
-1.27442 -1.26 -0.0931879 
-1.24885 -1.22 -0.186376 
-1.22327 -1.18 -0.279564 
-1.1977 -1.14 -0.372751 
-1.17212 -1.1 -0.465939 
-1.14654 -1.06 -0.559127 
-1.12097 -1.02001 -0.652315 
-1.09539 -0.980006 -0.745503 
-1.06982 -0.940007 -0.838691 
-1.04424 -0.900008 -0.931879 
-1.01866 -0.860008 -1.02507 
-0.993089 -0.820009 -1.11825 
-0.967513 -0.78001 -1.21144 
-0.941937 -0.740011 -1.30463 
-0.916361 -0.700012 -1.39782 
-0.890785 -0.660012 -1.49101 
-0.865209 -0.620013 -1.58419 
-0.7697 -0.497374 -1.59344 
-0.674192 -0.374735 -1.60269 
-0.578683 -0.252096 -1.61193 
-0.470236 -0.24524 -1.57749 
-0.361789 -0.238385 -1.54305 
-0.253342 -0.23153 -1.5086 
-0.144895 -0.224674 -1.47416 
-0.0364486 -0.217819 -1.43971 
0.0719982 -0.210964 -1.40527 
0.180445 -0.204108 -1.37082 
0.288892 -0.197253 -1.33638 
0.397339 -0.190398 -1.30193 
0.505786 -0.183543 -1.26749 
0.614233 -0.176687 -1.23305 
0.660916 -0.159517 -1.20576 
0.692627 -0.0795455 -1.13483 
0.724337 0.000426088 -1.0639 
0.756048 0.0803977 -0.992976 
0.787759 0.160369 -0.922049 
0.81947 0.240341 -0.851122 
0.851181 0.320312 -0.780196 
0.882892 0.400284 -0.709269 
0.914602 0.480256 -0.638342 
0.946313 0.560227 -0.567415 
0.978024 0.640199 -0.496488 
1.00973 0.72017 -0.425561 
1.04145 0.800142 -0.354634 
1.07316 0.880114 -0.283707 
1.10487 0.960085 -0.212781 
1.13658 1.04006 -0.141854 
1.16829 1.12003 -0.0709269 
1.2 1.2 0 
