SE8
-5 5 5 5 5 -5 -5 -5 0 0 0 0 
-3.32701 3.7996 3.81191 4.72114 3.17524 -3.0821 -4.27682 -2.73292 -2.22982 1.39721 1.10744 -2.93863 
-5.82161 7.49821 3.02184 2.69816 -4.27682 -2.73292 3.17524 -3.0821 0.285044 1.7502 -2.93863 1.10744 
-6.34924 3.14584 3.17524 -3.0821 -8.30164 -3.06301 3.02184 2.69816 0.949585 1.10744 2.06845 1.7502 
-0.541215 2.23475 3.02184 2.69816 -4.27682 -2.73292 -9.46187 4.50001 -2.85046 1.7502 -2.93863 -1.4103 
3.02184 2.69816 -0.541215 2.23475 -5.57918 -9.21437 -3.32701 3.7996 1.7502 -2.85046 1.50278 -2.22982 
9.49572 3.26087 -6.34924 3.14584 -4.27682 -2.73292 -0.541215 2.23475 -0.349856 0.949585 -2.93863 -2.85046 
8.4075 7.5923 -0.541215 2.23475 -8.30164 -3.06301 -5 5 -1.44691 -2.85046 2.06845 0 
9.49572 3.26087 3.02184 2.69816 -4.27682 -2.73292 -3.32701 3.7996 -0.349856 1.7502 -2.93863 -2.22982 
8.4075 7.5923 3.17524 -3.0821 -5.57918 -9.21437 -5.50077 8.96545 -1.44691 1.10744 1.50278 1.54219 
4.00176 5.05192 7.76116 -2.92633 -4.27682 -2.73292 -9.46204 6.18054 1.55042 -0.920263 -2.93863 0.784213 
5.5809 8.72498 6.47319 -2.74421 -5.57918 -9.21437 -6.34924 3.14584 -1.10894 0.611864 1.50278 0.949585 
8.4075 7.5923 7.76116 -2.92633 -5 -5 -0.541215 2.23475 -1.44691 -0.920263 0 -2.85046 
5.5809 8.72498 6.47319 -2.74421 -4.27682 -2.73292 -5 5 -1.10894 0.611864 -2.93863 0 
5 5 5 -5 -5 -5 -5.50077 8.96545 0 0 0 1.54219 