SE8
-5 5 5 5 5 -5 -5 -5 0 0 0 0 
-7.06062 4.93799 2.27491 -3.49111 -5 -5 -2.72524 0.924879 2.69981 -1.61886 0 -1.54091 
-5 5 -5 -5 -3.90805 -1.98673 -3.06842 4.30679 0 0 1.05254 0.932156 
-7.06062 4.93799 3.52406 -5.10185 -2.72524 0.924879 5 5 2.69981 -1.11644 -1.54091 0 
-4.55045 5.79865 4.23907 0.881689 -3.06842 4.30679 -9.78823 6.2657 -2.0595 2.0112 0.932156 -1.03542 
5 5 3.52406 -5.10185 -2.72524 0.924879 9.7323 3.89548 0 -1.11644 -1.54091 0.227461 
8.88427 5.69114 -3.90805 -1.98673 -5 -5 -3.06842 4.30679 -2.35127 1.05254 0 0.932156 
5 5 -5 -5 3.52406 -5.10185 -2.72524 0.924879 0 0 -1.11644 -1.54091 
8.88427 5.69114 3.52406 -5.10185 7.89537 -6.24174 -5 -5 -2.35127 -1.11644 -2.52715 0 
5 5 5 -5 2.27491 -3.49111 -3.90805 -1.98673 0 0 -1.61886 1.05254 
9.7323 3.89548 2.27491 -3.49111 4.23907 0.881689 -3.06842 4.30679 0.227461 -1.61886 2.0112 0.932156 
8.88427 5.69114 -5 -5 3.52406 -5.10185 -4.55045 5.79865 -2.35127 0 -1.11644 -2.0595 
5 5 3.52406 -5.10185 -5 -5 -5 5 0 -1.11644 0 0 
